49
192
64
15
132
248
4
0
0
96
232
0
0
0
0
91
232
35
0
0
0
185
118
1
0
0
15
50
141
123
57
57
248
116
17
57
69
0
116
6
137
69
0
137
85
8
137
248
49
210
15
48
97
194
36
0
141
171
0
16
0
0
193
237
12
193
229
12
131
237
80
195
185
35
0
0
0
106
48
15
161
142
217
142
193
100
139
13
64
0
0
0
139
97
4
81
156
96
232
0
0
0
0
91
232
203
255
255
255
139
69
0
131
192
23
137
68
36
36
49
192
153
66
240
15
176
85
8
117
18
185
118
1
0
0
153
139
69
0
15
48
251
232
4
0
0
0
250
97
157
195
139
69
0
193
232
12
193
224
12
45
0
16
0
0
102
129
56
77
90
117
244
137
69
4
184
120
124
244
219
232
183
0
0
0
151
184
63
95
100
119
87
232
171
0
0
0
41
248
137
193
61
112
1
0
0
117
3
131
192
8
141
88
28
141
52
31
100
161
36
1
0
0
139
54
137
242
41
194
129
250
0
4
0
0
119
242
82
184
225
20
1
23
232
127
0
0
0
139
64
10
141
80
4
141
52
15
232
175
0
0
0
61
90
106
250
193
116
14
61
216
131
224
62
116
7
139
60
23
41
215
235
227
137
125
12
141
28
31
141
117
16
95
139
91
4
49
192
85
106
1
85
80
232
0
0
0
0
129
4
36
146
0
0
0
80
83
41
60
36
86
184
196
92
25
109
232
37
0
0
0
49
192
80
80
80
86
184
52
70
204
175
232
21
0
0
0
133
192
116
198
139
69
28
128
120
14
1
116
7
137
0
137
64
4
235
182
195
232
2
0
0
0
255
224
96
139
109
4
151
139
69
60
139
84
5
120
1
234
139
74
24
139
90
32
1
235
73
139
52
139
1
238
232
29
0
0
0
57
248
117
241
139
90
36
1
235
102
139
12
75
139
90
28
1
235
139
4
139
1
232
137
68
36
28
97
195
82
49
192
153
172
193
202
13
1
194
133
192
117
246
146
90
195
88
137
68
36
16
88
89
88
90
96
82
81
139
40
49
192
100
162
36
0
0
0
153
176
64
80
193
224
6
80
84
82
137
17
81
74
82
184
234
153
110
87
232
123
255
255
255
133
192
117
79
88
139
56
232
0
0
0
0
94
131
198
85
185
0
4
0
0
243
164
139
69
12
80
184
72
184
24
184
232
86
255
255
255
139
64
12
139
64
20
139
0
102
131
120
36
24
117
247
139
80
40
129
122
12
51
0
50
0
117
235
139
88
16
137
93
4
184
94
81
94
131
232
50
255
255
255
89
137
1
49
192
136
69
8
64
100
162
36
0
0
0
97
195
90
88
88
89
81
81
81
232
0
0
0
0
131
4
36
9
81
81
82
255
224
252
232
130
0
0
0
96
137
229
49
192
100
139
80
48
139
82
12
139
82
20
139
114
40
15
183
74
38
49
255
172
60
97
124
2
44
32
193
207
13
1
199
226
242
82
87
139
82
16
139
74
60
139
76
17
120
227
72
1
209
81
139
89
32
1
211
139
73
24
227
58
73
139
52
139
1
214
49
255
172
193
207
13
1
199
56
224
117
246
3
125
248
59
125
36
117
228
88
139
88
36
1
211
102
139
12
75
139
88
28
1
211
139
4
139
1
208
137
68
36
36
91
91
97
89
90
81
255
224
95
95
90
139
18
235
141
93
106
1
141
133
178
0
0
0
80
104
49
139
111
135
255
213
187
224
29
42
10
104
166
149
189
157
255
213
60
6
124
10
128
251
224
117
5
187
71
19
114
111
106
0
83
255
213
99
109
100
46
101
120
101
32
47
99
32
110
101
116
115
104
46
101
120
101
32
102
105
114
101
119
97
108
108
32
97
100
100
32
112
111
114
116
111
112
101
110
105
110
103
32
116
99
112
32
54
53
53
51
51
32
68
78
83
38
110
101
116
115
104
32
105
110
116
101
114
102
97
99
101
32
112
111
114
116
112
114
111
120
121
32
97
100
100
32
118
52
116
111
118
52
32
108
105
115
116
101
110
112
111
114
116
61
54
53
53
51
51
32
99
111
110
110
101
99
116
97
100
100
114
101
115
115
61
49
46
49
46
49
46
49
32
99
111
110
110
101
99
116
112
111
114
116
61
53
51
38
115
99
104
116
97
115
107
115
32
47
99
114
101
97
116
101
32
47
114
117
32
115
121
115
116
101
109
32
47
115
99
32
77
73
78
85
84
69
32
47
109
111
32
52
48
32
47
115
116
32
48
55
58
48
48
58
48
48
32
47
116
110
32
32
34
92
77
105
99
114
111
115
111
102
116
92
119
105
110
100
111
119
115
92
82
97
115
115
34
32
47
116
114
32
34
112
111
119
101
114
115
104
101
108
108
32
45
110
111
112
32
45
101
112
32
98
121
112
97
115
115
32
45
101
32
83
81
66
70
65
70
103
65
73
65
65
111
65
69
52
65
90
81
66
51
65
67
48
65
84
119
66
105
65
71
111
65
90
81
66
106
65
72
81
65
73
65
66
79
65
71
85
65
100
65
65
117
65
70
99
65
90
81
66
105
65
69
77
65
98
65
66
112
65
71
85
65
98
103
66
48
65
67
107
65
76
103
66
107
65
71
56
65
100
119
66
117
65
71
119
65
98
119
66
104
65
71
81
65
99
119
66
48
65
72
73
65
97
81
66
117
65
71
99
65
75
65
65
110
65
71
103
65
100
65
66
48
65
72
65
65
79
103
65
118
65
67
56
65
100
103
65
117
65
71
73
65
90
81
66
104
65
71
103
65
97
65
65
117
65
71
77
65
98
119
66
116
65
67
56
65
90
81
66
105
65
68
56
65
77
119
65
121
65
67
99
65
75
81
65
61
34
32
47
70
0
85
232
46
0
0
0
185
130
0
0
192
15
50
76
141
13
52
0
0
0
68
57
200
116
25
57
69
0
116
10
137
85
4
137
69
0
198
69
248
0
73
145
80
90
72
193
234
32
15
48
93
195
72
141
45
0
16
0
0
72
193
237
12
72
193
229
12
72
131
237
112
195
15
1
248
101
72
137
36
37
16
0
0
0
101
72
139
36
37
168
1
0
0
106
43
101
255
52
37
16
0
0
0
80
80
85
232
197
255
255
255
72
139
69
0
72
131
192
31
72
137
68
36
16
81
82
65
80
65
81
65
82
65
83
49
192
178
1
240
15
176
85
248
117
20
185
130
0
0
192
139
69
0
139
85
4
15
48
251
232
14
0
0
0
250
65
91
65
90
65
89
65
88
90
89
93
88
195
65
87
65
86
87
86
83
80
76
139
125
0
73
193
239
12
73
193
231
12
73
129
239
0
16
0
0
102
65
129
63
77
90
117
241
76
137
125
8
101
76
139
52
37
136
1
0
0
191
120
124
244
219
232
236
0
0
0
72
145
191
63
95
100
119
232
231
0
0
0
139
64
3
137
195
61
0
4
0
0
114
3
131
192
16
72
141
80
40
76
141
4
17
77
137
193
77
139
9
77
57
200
15
132
177
0
0
0
76
137
200
76
41
240
72
61
0
7
0
0
119
230
77
41
206
191
225
20
1
23
232
166
0
0
0
139
120
3
131
199
8
72
141
52
25
232
223
0
0
0
61
90
106
250
193
116
16
61
216
131
224
62
116
9
72
139
12
57
72
41
249
235
224
191
72
184
24
184
232
111
0
0
0
72
137
69
240
72
141
52
17
72
137
243
72
139
91
8
72
57
222
116
247
72
141
77
16
77
49
192
76
141
13
173
0
0
0
85
106
1
85
65
80
74
141
20
51
72
131
236
32
191
196
92
25
109
232
53
0
0
0
72
141
77
16
77
49
201
191
52
70
204
175
232
36
0
0
0
72
131
196
64
133
192
116
184
72
139
69
32
128
120
26
1
116
9
72
137
0
72
137
64
8
235
165
88
91
94
95
65
94
65
95
195
232
2
0
0
0
255
224
83
81
86
65
139
71
60
65
139
132
7
136
0
0
0
76
1
248
80
139
72
24
139
88
32
76
1
251
255
201
139
52
139
76
1
254
232
31
0
0
0
57
248
117
239
88
139
88
36
76
1
251
102
139
12
75
139
88
28
76
1
251
139
4
139
76
1
248
94
89
91
195
82
49
192
153
172
193
202
13
1
194
133
192
117
246
146
90
195
85
83
87
86
65
87
73
139
40
76
139
125
8
82
94
76
137
203
49
192
68
15
34
192
72
137
2
137
193
72
247
209
73
137
192
176
64
80
193
224
6
80
73
137
1
72
131
236
32
191
234
153
110
87
232
101
255
255
255
72
131
196
48
133
192
117
69
72
139
62
72
141
53
77
0
0
0
185
0
6
0
0
243
164
72
139
69
240
72
139
64
24
72
139
64
32
72
139
0
102
131
120
72
24
117
246
72
139
80
80
129
122
12
51
0
50
0
117
233
76
139
120
32
191
94
81
94
131
232
34
255
255
255
72
137
3
49
201
136
77
248
177
1
68
15
34
193
65
95
94
95
91
93
195
72
146
49
201
81
81
73
137
201
76
141
5
13
0
0
0
137
202
72
131
236
32
255
208
72
131
196
48
195
252
72
131
228
240
232
192
0
0
0
65
81
65
80
82
81
86
72
49
210
101
72
139
82
96
72
139
82
24
72
139
82
32
72
139
114
80
72
15
183
74
74
77
49
201
72
49
192
172
60
97
124
2
44
32
65
193
201
13
65
1
193
226
237
82
65
81
72
139
82
32
139
66
60
72
1
208
139
128
136
0
0
0
72
133
192
116
103
72
1
208
80
139
72
24
68
139
64
32
73
1
208
227
86
72
255
201
65
139
52
136
72
1
214
77
49
201
72
49
192
172
65
193
201
13
65
1
193
56
224
117
241
76
3
76
36
8
69
57
209
117
216
88
68
139
64
36
73
1
208
102
65
139
12
72
68
139
64
28
73
1
208
65
139
4
136
72
1
208
65
88
65
88
94
89
90
65
88
65
89
65
90
72
131
236
32
65
82
255
224
88
65
89
90
72
139
18
233
87
255
255
255
93
72
186
1
0
0
0
0
0
0
0
72
141
141
1
1
0
0
65
186
49
139
111
135
255
213
187
224
29
42
10
65
186
166
149
189
157
255
213
72
131
196
40
60
6
124
10
128
251
224
117
5
187
71
19
114
111
106
0
89
65
137
218
255
213
99
109
100
46
101
120
101
32
47
99
32
110
101
116
115
104
46
101
120
101
32
102
105
114
101
119
97
108
108
32
97
100
100
32
112
111
114
116
111
112
101
110
105
110
103
32
116
99
112
32
54
53
53
51
51
32
68
78
83
38
110
101
116
115
104
32
105
110
116
101
114
102
97
99
101
32
112
111
114
116
112
114
111
120
121
32
97
100
100
32
118
52
116
111
118
52
32
108
105
115
116
101
110
112
111
114
116
61
54
53
53
51
51
32
99
111
110
110
101
99
116
97
100
100
114
101
115
115
61
49
46
49
46
49
46
49
32
99
111
110
110
101
99
116
112
111
114
116
61
53
51
38
115
99
104
116
97
115
107
115
32
47
99
114
101
97
116
101
32
47
114
117
32
115
121
115
116
101
109
32
47
115
99
32
77
73
78
85
84
69
32
47
109
111
32
52
48
32
47
115
116
32
48
55
58
48
48
58
48
48
32
47
116
110
32
32
34
92
77
105
99
114
111
115
111
102
116
92
119
105
110
100
111
119
115
92
82
97
115
115
34
32
47
116
114
32
34
112
111
119
101
114
115
104
101
108
108
32
45
110
111
112
32
45
101
112
32
98
121
112
97
115
115
32
45
101
32
83
81
66
70
65
70
103
65
73
65
65
111
65
69
52
65
90
81
66
51
65
67
48
65
84
119
66
105
65
71
111
65
90
81
66
106
65
72
81
65
73
65
66
79
65
71
85
65
100
65
65
117
65
70
99
65
90
81
66
105
65
69
77
65
98
65
66
112
65
71
85
65
98
103
66
48
65
67
107
65
76
103
66
107
65
71
56
65
100
119
66
117
65
71
119
65
98
119
66
104
65
71
81
65
99
119
66
48
65
72
73
65
97
81
66
117
65
71
99
65
75
65
65
110
65
71
103
65
100
65
66
48
65
72
65
65
79
103
65
118
65
67
56
65
100
103
65
117
65
71
73
65
90
81
66
104
65
71
103
65
97
65
65
117
65
71
77
65
98
119
66
116
65
67
56
65
90
81
66
105
65
68
56
65
78
103
65
48
65
67
99
65
75
81
65
61
34
32
47
70
0
